ParticipantID	TrialID	Start	End	FixNum
cognatepriming19	15	392.666666666667	633.333333333333	1
cognatepriming19	15	1351	1633.33333333333	2
cognatepriming19	15	1659.33333333333	1941.66666666667	3
cognatepriming19	28	617.666666666667	1058.33333333333	1
cognatepriming19	28	1084.33333333333	1225	2
cognatepriming19	28	1242.66666666667	1775	3
cognatepriming19	9	26	241.666666666667	1
cognatepriming19	9	284.333333333333	1191.66666666667	2
cognatepriming19	2	51	266.666666666667	1
cognatepriming19	2	1217.66666666667	1875	2
cognatepriming19	2	1884.33333333333	2000	3
cognatepriming19	30	951	1975	1
cognatepriming19	29	384.333333333333	658.333333333333	1
cognatepriming19	29	676	941.666666666667	2
cognatepriming19	29	959.333333333333	1375	3
cognatepriming19	16	17.6666666666667	333.333333333333	1
cognatepriming19	16	376	2000	2
cognatepriming19	4	392.666666666667	758.333333333333	1
cognatepriming19	4	784.333333333333	975	2
cognatepriming19	4	984.333333333333	1408.33333333333	3
cognatepriming19	4	1434.33333333333	1683.33333333333	4
cognatepriming19	4	1701	1808.33333333333	5
cognatepriming19	26	1	325	1
cognatepriming19	26	392.666666666667	741.666666666667	2
cognatepriming19	26	1467.66666666667	1933.33333333333	3
cognatepriming21	8	542.666666666667	791.666666666667	1
cognatepriming21	8	834.333333333333	1050	2
cognatepriming21	8	1076	1333.33333333333	3
cognatepriming21	8	1351	1550	4
cognatepriming21	6	734.333333333333	916.666666666667	1
cognatepriming21	6	959.333333333333	1933.33333333333	2
cognatepriming21	12	459.333333333333	808.333333333333	1
cognatepriming21	12	1151	1458.33333333333	2
cognatepriming21	12	1476	1716.66666666667	3
cognatepriming21	11	651	775	1
cognatepriming21	11	801	1033.33333333333	2
cognatepriming21	11	1059.33333333333	1266.66666666667	3
cognatepriming21	11	1284.33333333333	1600	4
cognatepriming21	11	1651	2000	5
cognatepriming21	9	626	758.333333333333	1
cognatepriming21	9	792.666666666667	1491.66666666667	2
cognatepriming21	9	1526	1650	3
cognatepriming21	13	651	1700	1
cognatepriming21	5	776	1016.66666666667	1
cognatepriming21	5	1034.33333333333	1583.33333333333	2
cognatepriming21	5	1601	2000	3
cognatepriming21	4	234.333333333333	391.666666666667	1
cognatepriming21	4	459.333333333333	675	2
cognatepriming21	4	734.333333333333	1316.66666666667	3
cognatepriming21	21	684.333333333333	825	1
cognatepriming21	21	851	1533.33333333333	2
cognatepriming21	21	1567.66666666667	1683.33333333333	3
cognatepriming23	13	1	366.666666666667	1
cognatepriming23	13	417.666666666667	550	2
cognatepriming23	13	642.666666666667	1166.66666666667	3
cognatepriming23	14	1	225	1
cognatepriming23	14	267.666666666667	475	2
cognatepriming23	14	517.666666666667	716.666666666667	3
cognatepriming23	14	734.333333333333	1091.66666666667	4
cognatepriming23	23	176	300	1
cognatepriming23	23	326	525	2
cognatepriming23	23	542.666666666667	758.333333333333	3
cognatepriming23	23	1684.33333333333	1866.66666666667	4
cognatepriming23	23	1884.33333333333	1991.66666666667	5
cognatepriming23	22	442.666666666667	891.666666666667	1
cognatepriming23	22	942.666666666667	1433.33333333333	2
cognatepriming23	28	392.666666666667	508.333333333333	1
cognatepriming23	28	526	733.333333333333	2
cognatepriming23	28	759.333333333333	1508.33333333333	3
cognatepriming23	28	1534.33333333333	1691.66666666667	4
cognatepriming23	12	1	333.333333333333	1
cognatepriming23	12	392.666666666667	608.333333333333	2
cognatepriming23	12	709.333333333333	908.333333333333	3
cognatepriming23	12	942.666666666667	1108.33333333333	4
cognatepriming23	26	192.666666666667	325	1
cognatepriming23	26	692.666666666667	908.333333333333	2
cognatepriming23	26	1209.33333333333	1983.33333333333	3
cognatepriming23	30	84.3333333333334	275	1
cognatepriming23	30	317.666666666667	558.333333333333	2
cognatepriming23	30	584.333333333333	700	3
cognatepriming23	30	726	1041.66666666667	4
cognatepriming23	25	1	266.666666666667	1
cognatepriming23	25	317.666666666667	558.333333333333	2
cognatepriming23	25	576	966.666666666667	3
cognatepriming23	25	976	1416.66666666667	4
cognatepriming23	1	59.3333333333333	325	1
cognatepriming23	1	467.666666666667	575	2
cognatepriming23	1	992.666666666667	1183.33333333333	3
cognatepriming23	1	1209.33333333333	1400	4
cognatepriming23	4	1	400	1
cognatepriming23	4	1076	1491.66666666667	2
cognatepriming23	4	1517.66666666667	1858.33333333333	3
cognatepriming23	29	1	325	1
cognatepriming23	29	367.666666666667	1016.66666666667	2
cognatepriming23	21	217.666666666667	316.666666666667	1
cognatepriming23	21	892.666666666667	1141.66666666667	2
cognatepriming23	21	1184.33333333333	1583.33333333333	3
cognatepriming23	21	1642.66666666667	2000	4
cognatepriming23	24	1	416.666666666667	1
cognatepriming23	24	459.333333333333	658.333333333333	2
cognatepriming23	24	1601	1975	3
cognatepriming26	21	784.333333333333	950	1
cognatepriming26	21	976	1258.33333333333	2
cognatepriming26	21	1292.66666666667	1825	3
cognatepriming26	21	1876	2000	4
cognatepriming26	27	1	283.333333333333	1
cognatepriming26	27	342.666666666667	616.666666666667	2
cognatepriming26	27	659.333333333333	1000	3
cognatepriming26	27	1851	2008.33333333333	4
cognatepriming26	11	1	266.666666666667	1
cognatepriming26	11	309.333333333333	541.666666666667	2
cognatepriming26	11	1251	1450	3
cognatepriming26	11	1501	1675	4
cognatepriming26	22	267.666666666667	366.666666666667	1
cognatepriming26	22	401	733.333333333333	2
cognatepriming26	22	751	1158.33333333333	3
cognatepriming26	22	1617.66666666667	1891.66666666667	4
cognatepriming26	29	367.666666666667	675	1
cognatepriming26	29	1167.66666666667	1325	2
cognatepriming26	29	1351	1941.66666666667	3
cognatepriming26	18	459.333333333333	725	1
cognatepriming26	18	1401	2008.33333333333	2
cognatepriming26	26	1	191.666666666667	1
cognatepriming26	26	251	633.333333333333	2
cognatepriming26	26	1634.33333333333	1791.66666666667	3
cognatepriming26	26	1842.66666666667	2000	4
cognatepriming26	4	209.333333333333	333.333333333333	1
cognatepriming26	4	384.333333333333	741.666666666667	2
cognatepriming26	4	1484.33333333333	1991.66666666667	3
cognatepriming27	19	992.666666666667	1375	1
cognatepriming27	19	1409.33333333333	1683.33333333333	2
cognatepriming27	22	351	525	1
cognatepriming27	22	576	741.666666666667	2
cognatepriming27	22	776	1208.33333333333	3
cognatepriming27	22	1226	1383.33333333333	4
cognatepriming27	1	317.666666666667	583.333333333333	1
cognatepriming27	1	609.333333333333	1250	2
cognatepriming27	26	234.333333333333	366.666666666667	1
cognatepriming27	26	401	841.666666666667	2
cognatepriming27	26	876	1125	3
cognatepriming29	11	251	575	1
cognatepriming29	11	634.333333333333	1550	2
cognatepriming29	20	426	1333.33333333333	1
cognatepriming29	2	317.666666666667	558.333333333333	1
cognatepriming29	2	584.333333333333	841.666666666667	2
cognatepriming29	2	1476	1691.66666666667	3
cognatepriming29	2	1742.66666666667	2000	4
cognatepriming29	30	292.666666666667	558.333333333333	1
cognatepriming29	30	601	1008.33333333333	2
cognatepriming29	30	1617.66666666667	1908.33333333333	3
cognatepriming29	1	267.666666666667	475	1
cognatepriming29	1	509.333333333333	1408.33333333333	2
cognatepriming29	10	351	591.666666666667	1
cognatepriming29	10	617.666666666667	975	2
cognatepriming29	10	1009.33333333333	1300	3
cognatepriming29	18	92.6666666666667	283.333333333333	1
cognatepriming29	18	351	766.666666666667	2
cognatepriming29	18	1409.33333333333	1700	3
cognatepriming29	3	209.333333333333	408.333333333333	1
cognatepriming29	3	426	916.666666666667	2
cognatepriming29	3	942.666666666667	1241.66666666667	3
cognatepriming29	3	1276	1725	4
cognatepriming29	19	217.666666666667	400	1
cognatepriming29	19	451	733.333333333333	2
cognatepriming29	19	1676	1933.33333333333	3
cognatepriming30	23	434.333333333333	1183.33333333333	1
cognatepriming30	23	1217.66666666667	1425	2
cognatepriming30	4	926	1233.33333333333	1
cognatepriming30	4	1259.33333333333	1475	2
cognatepriming30	4	1509.33333333333	1683.33333333333	3
cognatepriming30	4	1734.33333333333	2000	4
cognatepriming31	5	1	358.333333333333	1
cognatepriming31	5	417.666666666667	750	2
cognatepriming31	5	784.333333333333	1050	3
cognatepriming31	26	759.333333333333	1166.66666666667	1
cognatepriming31	26	1226	1950	2
cognatepriming31	13	809.333333333333	1583.33333333333	1
cognatepriming31	13	1642.66666666667	1800	2
cognatepriming31	10	667.666666666667	925	1
cognatepriming31	10	967.666666666667	1550	2
cognatepriming31	10	1567.66666666667	1825	3
cognatepriming31	10	1892.66666666667	2008.33333333333	4
cognatepriming31	17	551	700	1
cognatepriming31	17	751	1575	2
cognatepriming31	17	1892.66666666667	2000	3
cognatepriming32	7	1	325	1
cognatepriming32	7	367.666666666667	675	2
cognatepriming32	7	1476	1900	3
cognatepriming32	23	76	241.666666666667	1
cognatepriming32	23	284.333333333333	525	2
cognatepriming32	23	542.666666666667	758.333333333333	3
cognatepriming32	23	776	1125	4
cognatepriming32	13	34.3333333333333	250	1
cognatepriming32	13	292.666666666667	1958.33333333333	2
cognatepriming32	9	1	283.333333333333	1
cognatepriming32	9	334.333333333333	808.333333333334	2
cognatepriming32	9	1651	1941.66666666667	3
cognatepriming32	20	1	358.333333333333	1
cognatepriming32	20	426	883.333333333333	2
cognatepriming32	20	1809.33333333333	1925	3
cognatepriming32	4	1	141.666666666667	1
cognatepriming32	4	192.666666666667	650	2
cognatepriming32	4	692.666666666667	1233.33333333333	3
cognatepriming32	2	1	333.333333333333	1
cognatepriming32	2	384.333333333333	708.333333333333	2
cognatepriming32	2	1317.66666666667	1800	3
cognatepriming33	10	392.666666666667	658.333333333333	1
cognatepriming33	10	692.666666666667	1708.33333333333	2
cognatepriming33	20	392.666666666667	691.666666666667	1
cognatepriming33	20	717.666666666667	958.333333333333	2
cognatepriming33	20	984.333333333333	1591.66666666667	3
cognatepriming33	26	776	916.666666666667	1
cognatepriming33	26	976	1925	2
cognatepriming34	28	892.666666666667	1133.33333333333	1
cognatepriming34	28	1167.66666666667	1391.66666666667	2
cognatepriming34	28	1434.33333333333	2008.33333333333	3
cognatepriming34	6	942.666666666667	1216.66666666667	1
cognatepriming34	6	1284.33333333333	1875	2
cognatepriming34	7	734.333333333333	1541.66666666667	1
cognatepriming34	7	1584.33333333333	1991.66666666667	2
cognatepriming34	18	1042.66666666667	1308.33333333333	1
cognatepriming34	18	1367.66666666667	2000	2
cognatepriming34	4	892.666666666667	1191.66666666667	1
cognatepriming34	4	1234.33333333333	1700	2
cognatepriming34	4	1767.66666666667	1991.66666666667	3
cognatepriming34	13	784.333333333333	1441.66666666667	1
cognatepriming34	13	1492.66666666667	2000	2
cognatepriming34	21	876	1116.66666666667	1
cognatepriming34	21	1176	1491.66666666667	2
cognatepriming34	21	1526	1858.33333333333	3
cognatepriming34	14	917.666666666667	1275	1
cognatepriming34	14	1334.33333333333	1775	2
cognatepriming34	14	1842.66666666667	2000	3
cognatepriming34	22	984.333333333333	1133.33333333333	1
cognatepriming34	22	1192.66666666667	1441.66666666667	2
cognatepriming34	22	1501	2000	3
cognatepriming36	18	834.333333333333	1066.66666666667	1
cognatepriming36	18	1117.66666666667	1383.33333333333	2
cognatepriming36	18	1426	1800	3
cognatepriming36	15	734.333333333333	966.666666666667	1
cognatepriming36	15	1001	1250	2
cognatepriming36	15	1292.66666666667	1491.66666666667	3
cognatepriming36	15	1526	1766.66666666667	4
cognatepriming36	15	1792.66666666667	1991.66666666667	5
cognatepriming36	14	926	1241.66666666667	1
cognatepriming36	14	1267.66666666667	1741.66666666667	2
cognatepriming38	29	59.3333333333333	216.666666666667	1
cognatepriming38	29	292.666666666667	466.666666666667	2
cognatepriming38	29	492.666666666667	1850	3
cognatepriming38	24	109.333333333333	233.333333333333	1
cognatepriming38	24	301	425	2
cognatepriming38	24	459.333333333333	608.333333333333	3
cognatepriming38	24	634.333333333333	966.666666666667	4
cognatepriming38	21	26	366.666666666667	1
cognatepriming38	21	426	550	2
cognatepriming38	21	576	891.666666666667	3
cognatepriming38	21	959.333333333333	1125	4
cognatepriming38	21	1184.33333333333	1466.66666666667	5
cognatepriming38	30	559.333333333333	733.333333333333	1
cognatepriming38	30	759.333333333333	1166.66666666667	2
cognatepriming38	14	134.333333333333	308.333333333333	1
cognatepriming38	14	342.666666666667	616.666666666667	2
cognatepriming38	14	642.666666666667	783.333333333333	3
cognatepriming38	14	801	975	4
cognatepriming38	18	276	450	1
cognatepriming38	18	509.333333333333	841.666666666667	2
cognatepriming38	18	1526	1858.33333333333	3
cognatepriming38	18	1901	2000	4
cognatepriming38	1	142.666666666667	291.666666666667	1
cognatepriming38	1	367.666666666667	583.333333333333	2
cognatepriming38	1	609.333333333333	975	3
cognatepriming38	1	1692.66666666667	1933.33333333333	4
cognatepriming38	20	1	350	1
cognatepriming38	20	409.333333333333	616.666666666667	2
cognatepriming38	20	1084.33333333333	1341.66666666667	3
cognatepriming38	20	1367.66666666667	1800	4
cognatepriming38	8	1	300	1
cognatepriming38	8	376	516.666666666667	2
cognatepriming38	8	551	841.666666666667	3
cognatepriming38	8	909.333333333333	1258.33333333333	4
cognatepriming40	23	176	308.333333333333	1
cognatepriming40	23	384.333333333333	583.333333333333	2
cognatepriming40	23	609.333333333333	866.666666666667	3
cognatepriming40	23	884.333333333333	1800	4
cognatepriming40	27	1	283.333333333333	1
cognatepriming40	27	1201	1525	2
cognatepriming40	27	1592.66666666667	2000	3
cognatepriming40	26	859.333333333333	1100	1
cognatepriming40	26	1117.66666666667	1483.33333333333	2
cognatepriming40	26	1501	1950	3
cognatepriming40	10	717.666666666667	900	1
cognatepriming40	10	959.333333333333	1258.33333333333	2
cognatepriming40	10	1301	1716.66666666667	3
cognatepriming41	23	384.333333333333	591.666666666667	1
cognatepriming41	23	1009.33333333333	1241.66666666667	2
cognatepriming41	23	1617.66666666667	1841.66666666667	3
cognatepriming41	23	1892.66666666667	2000	4
cognatepriming41	29	384.333333333333	591.666666666667	1
cognatepriming41	29	617.666666666667	866.666666666667	2
cognatepriming41	29	1217.66666666667	1458.33333333333	3
cognatepriming42	9	476	616.666666666667	1
cognatepriming42	9	734.333333333333	833.333333333333	2
cognatepriming42	9	1751	1941.66666666667	3
cognatepriming43	25	1	183.333333333333	1
cognatepriming43	25	242.666666666667	425	2
cognatepriming43	25	459.333333333333	700	3
cognatepriming43	25	1459.33333333333	1808.33333333333	4
cognatepriming43	25	1851	2000	5
cognatepriming43	18	359.333333333333	591.666666666667	1
cognatepriming43	18	1109.33333333333	1316.66666666667	2
cognatepriming43	18	1367.66666666667	1666.66666666667	3
cognatepriming43	18	1726	2000	4
cognatepriming43	5	701	1008.33333333333	1
cognatepriming43	5	1042.66666666667	1808.33333333333	2
